78
77
334
317
301
316
302
303
304
305
306
307
308
309
310
311
312
313
314
315
333
318
332
319
320
321
322
323
324
325
326
327
328
329
330
331
337
338
339
79
84
80
81
83
82
85
91
90
89
86
88
87
95
92
93
94
220
212
213
214
219
216
218
217
215
97
96
111
109
110
112
113
114
115
116
119
117
118
120
122
121
127
126
125
124
123
128
129
130
354
355
359
358
360
361
362
365
364
363
368
367
366
353
369
370
371
131
132
133
134
135
136
137
138
140
139
143
145
144
153
152
149
148
150
151
154
290
289
178
171
173
172
176
177
142
141
175
174
170
155
156
157
159
158
160
163
162
161
167
169
168
166
165
164
179
180
181
182
183
186
184
185
187
99
98
100
103
102
101
107
104
105
106
108
188
189
190
147
146
19
18
17
191
197
192
193
194
195
196
198
202
201
205
