271
270
269
247
227
246
228
229
230
231
232
233
234
235
236
237
238
239
240
241
242
243
244
245
268
248
267
249
250
251
252
253
254
255
256
257
258
259
260
261
262
263
264
265
266
529
530
531
272
277
273
274
276
275
278
284
283
282
279
281
280
288
285
286
287
443
435
436
437
442
439
441
440
438
290
289
322
320
321
323
324
325
326
327
330
328
329
331
333
332
336
340
339
343
342
341
335
334
338
337
304
302
303
307
305
306
310
308
309
311
312
313
316
314
315
318
344
345
346
559
561
562
563
347
348
349
350
351
352
353
354
355
357
356
360
362
361
370
369
366
365
367
368
371
216
198
197
204
202
203
208
210
209
211
215
213
212
395
388
390
389
393
394
359
358
392
391
387
372
373
374
376
375
377
380
379
378
384
386
385
383
382
381
396
397
398
401
399
400
402
292
291
293
296
295
294
300
297
298
299
301
403
404
405
406
364
363
34
27
29
28
33
32
407
408
410
409
412
413
419
414
415
416
417
418
420
424
423
427
