332
331
330
308
288
307
289
290
291
292
293
294
295
296
297
298
299
300
301
302
303
304
305
306
329
309
328
310
311
312
313
314
315
316
317
318
319
320
321
322
323
324
325
326
327
507
508
509
333
338
334
335
337
336
339
345
344
343
340
342
341
349
346
347
348
504
496
497
498
503
500
502
501
499
351
350
383
381
382
384
385
386
387
388
391
389
390
392
394
393
397
401
400
404
403
402
396
395
399
398
365
363
364
368
366
367
371
369
370
372
373
374
377
375
376
379
405
406
407
524
525
529
528
530
531
532
535
534
533
513
514
521
520
515
517
516
522
538
537
536
523
539
540
541
408
409
410
411
412
413
414
415
416
418
417
421
423
422
431
430
427
426
428
429
432
277
267
266
261
260
265
263
269
268
271
270
272
276
274
273
456
449
451
450
454
455
420
419
453
452
448
433
434
435
437
436
438
441
440
439
445
447
446
444
443
442
457
458
459
462
460
461
463
353
352
354
357
356
355
361
358
359
360
362
464
465
466
467
425
424
73
74
75
62
206
78
77
76
161
160
79
159
88
123
89
95
94
91
90
92
93
96
97
122
121
108
109
120
115
114
158
124
130
129
126
125
128
127
131
132
157
156
143
49
48
144
155
150
149
87
80
82
81
86
85
164
162
163
165
185
166
169
168
167
173
172
170
171
178
177
174
175
176
180
179
184
152
151
154
153
468
469
471
470
473
474
480
475
476
477
478
479
481
485
484
488
