326
325
324
302
282
301
283
284
285
286
287
288
289
290
291
292
293
294
295
296
297
298
299
300
323
303
322
304
305
306
307
308
309
310
311
312
313
314
315
316
317
318
319
320
321
501
502
503
327
332
328
329
331
330
333
339
338
337
334
336
335
343
340
341
342
498
490
491
492
497
494
496
495
493
345
344
377
375
376
378
379
380
381
382
385
383
384
386
388
387
391
395
394
398
397
396
390
389
393
392
359
357
358
362
360
361
365
363
364
366
367
368
371
369
370
373
4
399
400
401
402
403
404
405
406
407
408
409
410
412
411
415
417
416
425
424
421
420
422
423
426
271
261
260
263
262
265
264
266
270
268
267
450
443
445
444
448
449
414
413
447
446
442
427
428
429
431
430
432
435
434
433
439
441
440
438
437
436
451
452
453
456
454
455
457
347
346
348
351
350
349
355
352
353
354
356
458
459
460
461
419
418
67
68
69
56
200
72
71
70
155
154
73
153
82
117
83
89
88
85
84
86
87
90
91
116
115
102
37
45
46
53
103
114
109
108
152
118
124
123
120
119
122
121
125
126
151
150
137
43
42
138
149
144
143
81
74
76
75
80
79
158
156
157
159
179
160
163
162
161
167
166
164
165
172
171
168
169
170
174
173
178
146
145
148
147
462
463
465
464
467
468
474
469
470
471
472
473
475
479
478
482
