1
2
3
4
5
6
7
8
9
14
15
16
17
18
19
20
21
145
22
25
24
23
100
99
26
98
35
66
36
42
41
38
37
40
39
43
206
205
201
200
199
198
197
204
202
203
208
207
210
209
211
44
214
65
64
51
512
511
504
505
510
506
507
509
508
513
517
516
520
518
519
521
526
525
52
63
58
57
97
67
73
72
69
68
71
70
74
75
96
81
80
79
103
101
102
104
144
125
128
127
126
132
131
129
130
137
136
133
134
135
139
138
143
60
59
62
61
47
46
45
124
105
108
107
106
112
111
109
110
117
116
113
114
115
119
118
123
146
95
82
515
514
83
94
89
88
91
90
93
92
78
77
76
50
49
48
31
30
